42,45,92,45,92,70,42,70,雪高
106,40,526,40,526,79,106,79,石田太郎
630,45,964,45,964,78,630,78,状況82暖11ヘ25溝知
42,140,92,140,92,163,42,163,はバ
112,135,792,135,792,174,112,174,茨城県横浜市都筑区竜泉41丁目10番18
42,185,92,185,92,207,42,207,ノー
140,180,634,180,634,217,140,217,リフ02敵07障26出94086
20,223,620,223,620,270,20,270,トー53品09ダ13欠乏クール
42,296,92,296,92,319,42,319,ブラ
156,291,225,291,225,313,156,313,狐ハン
156,315,340,315,340,338,156,338,癌装置バーゲン〜
49,380,115,380,115,413,49,413,再現
95,438,577,438,577,472,95,472,指125890645939あ
694,531,794,531,794,585,694,585,通行料シェービン
27,455,52,455,52,479,27,479,同
27,495,77,495,77,519,27,519,立派
39,535,64,535,64,558,39,558,主
27,569,52,569,52,592,27,592,ト
83,490,353,490,353,519,83,519,屋根58 ヒ26ト 32分
83,527,353,527,353,556,83,556,仕上37 ブ09発 25索
83,562,353,562,353,591,83,591,行進66 リ86動 52今
632,256,665,256,665,482,632,482,敵見イ協憲
364,509,389,509,389,532,364,532,風
364,557,389,557,389,581,364,581,管
395,500,420,500,420,524,395,524,動
428,555,453,555,453,579,428,579,虐
