42,45,92,45,92,68,42,68,トレ
106,40,526,40,526,79,106,79,小林知実
630,45,947,45,947,78,630,78,君は90分2ブ12錯覚
42,140,92,140,92,164,42,164,通行
112,135,892,135,892,174,112,174,島根県横浜市保土ケ谷区橋場16丁目4番12号
42,185,92,185,92,209,42,209,品質
140,180,634,180,634,217,140,217,虐待08通10運05自20105
20,223,620,223,620,271,20,271,残る15キ07サ27コーナー必
42,296,92,296,92,320,42,320,品質
156,291,271,291,271,314,156,314,ダッシュ野
156,315,225,315,225,337,156,337,シュガ
156,345,340,345,340,368,156,368,創傷目的主人保持
49,380,115,380,115,412,49,412,証言
95,438,577,438,577,473,95,473,暖150784264922文
694,531,794,531,794,587,694,587,必要フ尿クロス敵
27,455,77,455,77,479,27,479,ログ
27,495,77,495,77,518,27,518,スキ
39,535,64,535,64,558,39,558,リ
27,569,77,569,77,593,27,593,差別
83,490,353,490,353,519,83,519,障害70 見84見 14主
83,527,353,527,353,556,83,556,ジャ12 差67コ 20符
83,562,353,562,353,591,83,591,細か19 創66カ 43ホ
632,256,665,256,665,482,632,482,ク創〜反分
364,509,389,509,389,531,364,531,ヒ
364,557,389,557,389,581,364,581,大
561,500,586,500,586,523,561,523,鉱
594,555,619,555,619,579,594,579,極
