42,45,92,45,92,69,42,69,電話
106,40,626,40,626,79,106,79,西之園亮介
630,45,947,45,947,78,630,78,憲法70拡8ヒ13クロ
42,140,92,140,92,164,42,164,管理
112,135,712,135,712,174,112,174,秋田県大田区今戸38丁目21番15号
42,185,92,185,92,209,42,209,中央
140,180,634,180,634,217,140,217,主人01合02ヘ23建96003
20,223,620,223,620,270,20,270,追放71差01文09教会コーナ
42,296,92,296,92,320,42,320,分割
156,291,271,291,271,314,156,314,学生トーン
49,380,115,380,115,412,49,412,管理
95,438,577,438,577,473,95,473,式969099744905細
694,531,794,531,794,586,694,586,中央風ジャーナル
27,455,77,455,77,479,27,479,舗装
27,495,52,495,52,519,27,519,式
39,535,64,535,64,559,39,559,今
27,569,77,569,77,591,27,591,フレ
83,490,353,490,353,519,83,519,証言34 脊69ト 98評
83,527,353,527,353,556,83,556,ハー45 キ78ク 72装
83,562,353,562,353,591,83,591,転倒60 キ24ヒ 21サ
632,256,665,256,665,483,632,483,怒戦高は数
364,509,389,509,389,533,364,533,状
364,557,389,557,389,581,364,581,虐
561,500,586,500,586,522,561,522,シ
463,555,488,555,488,578,463,578,ト
