42,45,92,45,92,67,42,67,シュ
106,40,426,40,426,79,106,79,松本充
630,45,947,45,947,78,630,78,ない87追4反29織る
42,140,92,140,92,164,42,164,主婦
112,135,852,135,852,174,112,174,鳥取県安房郡鋸南町中宮祠29丁目6番17号
42,185,92,185,92,209,42,209,大統
140,180,634,180,634,217,140,217,アク05ト07犯22ダ19378
20,223,620,223,620,271,20,271,怒り56サ01ニ20トリビュー
42,296,92,296,92,319,42,319,クロ
156,291,202,291,202,314,156,314,ブラ
49,380,115,380,115,412,49,412,は追
95,438,577,438,577,473,95,473,参395965766402保
694,531,794,531,794,587,694,587,ログ偏バケツ近代
27,455,52,455,52,478,27,478,出
27,495,52,495,52,517,27,517,ヒ
39,535,64,535,64,557,39,557,ロ
27,569,52,569,52,591,27,591,バ
83,490,353,490,353,519,83,519,発生92 管65同 30状
83,527,353,527,353,556,83,556,ブラ29 葉50教 20風
83,562,353,562,353,591,83,591,販売01 転09発 49ア
632,256,665,256,665,483,632,483,リ催品倫見
364,509,389,509,389,533,364,533,狐
364,557,389,557,389,581,364,581,厳
594,500,619,500,619,523,594,523,鉱
594,555,619,555,619,577,594,577,ヒ
