42,45,92,45,92,69,42,69,協力
106,40,526,40,526,79,106,79,山岸陽子
630,45,930,45,930,78,630,78,保証50革3ア2花嫁
42,140,92,140,92,164,42,164,探査
112,135,792,135,792,174,112,174,愛媛県東大和市東浅草8丁目15番17号 
42,185,92,185,92,209,42,209,パイ
140,180,634,180,634,218,140,218,狐ヒ08再09革19行56998
20,223,620,223,620,271,20,271,サン14コ04明15ストレージ
42,296,92,296,92,320,42,320,省略
156,291,225,291,225,314,156,314,教会あ
156,315,202,315,202,337,156,337,カレ
156,345,271,345,271,367,156,367,中世見落と
49,380,115,380,115,413,49,413,衝突
95,438,577,438,577,472,95,472,パ127091040149電
694,531,794,531,794,587,694,587,管理す怒り学生脊
27,455,77,455,77,479,27,479,パイ
27,495,52,495,52,518,27,518,擁
39,535,64,535,64,558,39,558,証
27,569,52,569,52,592,27,592,ク
83,490,353,490,353,519,83,519,見出78 憲91日 10シ
83,527,353,527,353,556,83,556,行進42 保39フ 25バ
83,562,353,562,353,591,83,591,目的42 な35証 96ニ
632,256,665,256,665,480,632,480,午協偏販ノ
364,509,389,509,389,531,364,531,フ
364,557,389,557,389,579,364,579,ス
527,500,552,500,552,523,527,523,器
561,555,586,555,586,579,561,579,戦
