42,45,92,45,92,68,42,68,鉱山
106,40,426,40,426,79,106,79,中島晃
630,45,947,45,947,77,630,77,ボト68ス6フ26電話
42,140,92,140,92,164,42,164,普通
112,135,792,135,792,174,112,174,長崎県江戸川区富久町15丁目16番12号
42,185,92,185,92,208,42,208,クロ
140,180,634,180,634,216,140,216,コー11ス01目18パ43686
20,223,620,223,620,271,20,271,バス85索05ヒ20見落とす教
42,296,92,296,92,319,42,319,追放
156,291,202,291,202,314,156,314,特徴
156,315,340,315,340,338,156,338,分割感謝する織る
156,345,271,345,271,368,156,368,キャビネッ
49,380,115,380,115,412,49,412,立派
95,438,577,438,577,472,95,472,パ117410197129錯
694,531,794,531,794,587,694,587,式ない今溝ブレー
27,455,52,455,52,477,27,477,コ
27,495,52,495,52,518,27,518,器
39,535,64,535,64,559,39,559,憲
27,569,52,569,52,592,27,592,欠
83,490,353,490,353,519,83,519,屋根45 品69追 44保
83,527,353,527,353,556,83,556,パー93 緩37同 82ニ
83,562,353,562,353,591,83,591,尿ヒ24 サ62敵 37デ
632,256,665,256,665,483,632,483,彼楽評近欠
364,509,389,509,389,533,364,533,特
364,557,389,557,389,581,364,581,ダ
395,500,420,500,420,523,395,523,通
395,555,420,555,420,579,395,579,反
