42,45,92,45,92,69,42,69,ダニ
106,40,526,40,526,79,106,79,佐藤桃子
630,45,930,45,930,78,630,78,屋根88ヒ6ヒ8ベル
42,140,92,140,92,164,42,164,敵対
112,135,852,135,852,174,112,174,鹿児島県印旛郡酒々井町隼町30丁目1番16
42,185,92,185,92,209,42,209,保証
140,180,634,180,634,217,140,217,販売03探07協31シ79909
20,223,620,223,620,270,20,270,脊椎95教10普05埋め込むオ
42,296,92,296,92,320,42,320,倫理
156,291,225,291,225,313,156,313,見落と
156,315,340,315,340,338,156,338,スキームダッシュ
156,345,271,345,271,368,156,368,バーゲン柔
49,380,115,380,115,413,49,413,状況
95,438,577,438,577,472,95,472,明697492589596通
694,531,794,531,794,586,694,586,自体装バケツじぶ
27,455,77,455,77,479,27,479,協力
27,495,52,495,52,517,27,517,ジ
39,535,64,535,64,559,39,559,極
27,569,52,569,52,593,27,593,柔
83,490,353,490,353,519,83,519,再現72 リ96品 44リ
83,527,353,527,353,556,83,556,サワ20 ス41教 07軸
83,562,353,562,353,591,83,591,創傷92 厳67ロ 00癌
632,256,665,256,665,482,632,482,ダヒサ追運
364,509,389,509,389,532,364,532,自
364,557,389,557,389,579,364,579,フ
527,500,552,500,552,523,527,523,じ
561,555,586,555,586,579,561,579,戦
