42,45,92,45,92,68,42,68,ホイ
106,40,526,40,526,79,106,79,喜嶋陽一
630,45,947,45,947,78,630,78,サワ74極8ヒ16テン
42,140,92,140,92,164,42,164,残る
112,135,832,135,832,174,112,174,徳島県山武市戸塚町2丁目25番13号 中小
42,185,92,185,92,209,42,209,行進
140,180,634,180,634,217,140,217,意図11副04本11器17906
20,223,620,223,620,271,20,271,合計86葉04〜12パイオニア
42,296,92,296,92,319,42,319,擁す
156,291,271,291,271,314,156,314,ブラケット
49,380,115,380,115,413,49,413,奨励
95,438,577,438,577,472,95,472,ヘ820976684150差
694,531,794,531,794,586,694,586,追放す電話ブラケ
27,455,77,455,77,479,27,479,虐待
27,495,52,495,52,517,27,517,ヒ
39,535,64,535,64,558,39,558,ア
27,569,52,569,52,593,27,593,衝
83,490,353,490,353,519,83,519,保証75 ホ89カ 59管
83,527,353,527,353,556,83,556,叔父39 ブ04呼 91保
83,562,353,562,353,591,83,591,画面29 サ03彼 35電
632,256,665,256,665,482,632,482,数ホ欠彼追
364,509,389,509,389,532,364,532,チ
364,557,389,557,389,579,364,579,ヒ
463,500,488,500,488,524,463,524,あ
527,555,552,555,552,578,527,578,ブ
