42,45,92,45,92,69,42,69,反射
106,40,526,40,526,79,106,79,野村京助
630,45,947,45,947,78,630,78,クロ69差4狭11トー
42,140,92,140,92,164,42,164,ダッ
112,135,772,135,772,174,112,174,香川県稲城市戸山13丁目11番20号 木
42,185,92,185,92,207,42,207,ノー
140,180,634,180,634,217,140,217,職人19参02タ06革38208
20,223,620,223,620,271,20,271,画面53狭10試26人形コピー
42,296,92,296,92,320,42,320,催眠
156,291,202,291,202,313,156,313,電話
156,315,225,315,225,338,156,338,探査催
156,345,340,345,340,367,156,367,極端なジャムバナ
49,380,115,380,115,412,49,412,イン
95,438,577,438,577,473,95,473,残121620566376教
694,531,794,531,794,586,694,586,コーラキャビネッ
27,455,77,455,77,478,27,478,君は
27,495,52,495,52,518,27,518,リ
39,535,64,535,64,557,39,557,〜
27,569,52,569,52,591,27,591,ジ
83,490,353,490,353,519,83,519,持つ26 出79呼 20特
83,527,353,527,353,556,83,556,コミ31 奨08連 12脊
83,562,353,562,353,591,83,591,あな44 主29ト 78偏
632,256,665,256,665,483,632,483,ダ建ク運数
364,509,389,509,389,533,364,533,錯
364,557,389,557,389,581,364,581,緩
428,500,453,500,453,524,428,524,連
463,555,488,555,488,578,463,578,ト
