42,45,92,45,92,68,42,68,トー
106,40,426,40,426,79,106,79,桐山淳
630,45,947,45,947,78,630,78,デッ55学9ホ11通行
42,140,92,140,92,163,42,163,チー
112,135,792,135,792,174,112,174,埼玉県横浜市青葉区港南39丁目23番14
42,185,92,185,92,209,42,209,狭い
140,180,634,180,634,218,140,218,野球17ハ12私01中41612
20,223,620,223,620,271,20,271,リニ42移12狐20立派なデッ
42,296,92,296,92,318,42,318,スペ
156,291,340,291,340,314,156,314,高い出演者埋め込
49,380,115,380,115,413,49,413,運保
95,438,577,438,577,473,95,473,本791091055082特
694,531,794,531,794,587,694,587,必要ニ教会教授今
27,455,52,455,52,479,27,479,本
27,495,77,495,77,519,27,519,副リ
39,535,64,535,64,558,39,558,サ
27,569,77,569,77,593,27,593,仕上
83,490,353,490,353,518,83,518,パイ93 は60イ 06ロ
83,527,353,527,353,556,83,556,ハー61 行62厳 67怒
83,562,353,562,353,591,83,591,ニュ83 ホ08叔 01極
632,256,665,256,665,482,632,482,虐教トノト
364,509,389,509,389,532,364,532,さ
364,557,389,557,389,580,364,580,立
463,500,488,500,488,524,463,524,行
463,555,488,555,488,579,463,579,数
