26,44,57,44,57,69,26,69,雪高
66,39,331,39,331,78,66,78,石田太郎
396,44,607,44,607,77,396,77,状況82暖11ヘ25溝知
26,138,57,138,57,161,26,161,はバ
70,133,498,133,498,172,70,172,茨城県横浜市都筑区竜泉41丁目10番18
26,183,57,183,57,205,26,205,ノー
88,178,399,178,399,215,88,215,リフ02敵07障26出94086
12,221,390,221,390,267,12,267,トー53品09ダ13欠乏クール
26,293,57,293,57,316,26,316,ブラ
98,288,141,288,141,310,98,310,狐ハン
98,312,214,312,214,335,98,335,癌装置バーゲン〜
30,377,72,377,72,409,30,409,再現
59,434,363,434,363,468,59,468,指125890645939あ
437,526,500,526,500,580,437,580,通行料シェービン
17,451,32,451,32,475,17,475,同
17,491,48,491,48,514,17,514,立派
24,530,40,530,40,553,24,553,主
17,564,32,564,32,587,17,587,ト
52,486,222,486,222,514,52,514,屋根58 ヒ26ト 32分
52,522,222,522,222,551,52,551,仕上37 ブ09発 25索
52,557,222,557,222,586,52,586,行進66 リ86動 52今
398,254,418,254,418,478,398,478,敵見イ協憲
229,505,245,505,245,527,229,527,風
229,552,245,552,245,576,229,576,管
248,496,264,496,264,519,248,519,動
269,550,285,550,285,574,269,574,虐
