26,44,57,44,57,67,26,67,トレ
66,39,331,39,331,78,66,78,小林知実
396,44,596,44,596,77,396,77,君は90分2ブ12錯覚
26,138,57,138,57,162,26,162,通行
70,133,561,133,561,172,70,172,島根県横浜市保土ケ谷区橋場16丁目4番12号
26,183,57,183,57,207,26,207,品質
88,178,399,178,399,215,88,215,虐待08通10運05自20105
12,221,390,221,390,268,12,268,残る15キ07サ27コーナー必
26,293,57,293,57,317,26,317,品質
98,288,170,288,170,311,98,311,ダッシュ野
98,312,141,312,141,334,98,334,シュガ
98,342,214,342,214,365,98,365,創傷目的主人保持
30,377,72,377,72,408,30,408,証言
59,434,363,434,363,469,59,469,暖150784264922文
437,526,500,526,500,582,437,582,必要フ尿クロス敵
17,451,48,451,48,475,17,475,ログ
17,491,48,491,48,513,17,513,スキ
24,530,40,530,40,553,24,553,リ
17,564,48,564,48,588,17,588,差別
52,486,222,486,222,514,52,514,障害70 見84見 14主
52,522,222,522,222,551,52,551,ジャ12 差67コ 20符
52,557,222,557,222,586,52,586,細か19 創66カ 43ホ
398,254,418,254,418,478,398,478,ク創〜反分
229,505,245,505,245,526,229,526,ヒ
229,552,245,552,245,576,229,576,大
353,496,369,496,369,518,353,518,鉱
374,550,389,550,389,574,374,574,極
