26,44,57,44,57,68,26,68,電話
66,39,394,39,394,78,66,78,西之園亮介
396,44,596,44,596,77,396,77,憲法70拡8ヒ13クロ
26,138,57,138,57,162,26,162,管理
70,133,448,133,448,172,70,172,秋田県大田区今戸38丁目21番15号
26,183,57,183,57,207,26,207,中央
88,178,399,178,399,215,88,215,主人01合02ヘ23建96003
12,221,390,221,390,267,12,267,追放71差01文09教会コーナ
26,293,57,293,57,317,26,317,分割
98,288,170,288,170,311,98,311,学生トーン
30,377,72,377,72,408,30,408,管理
59,434,363,434,363,469,59,469,式969099744905細
437,526,500,526,500,581,437,581,中央風ジャーナル
17,451,48,451,48,475,17,475,舗装
17,491,32,491,32,514,17,514,式
24,530,40,530,40,554,24,554,今
17,564,48,564,48,586,17,586,フレ
52,486,222,486,222,514,52,514,証言34 脊69ト 98評
52,522,222,522,222,551,52,551,ハー45 キ78ク 72装
52,557,222,557,222,586,52,586,転倒60 キ24ヒ 21サ
398,254,418,254,418,479,398,479,怒戦高は数
229,505,245,505,245,528,229,528,状
229,552,245,552,245,576,229,576,虐
353,496,369,496,369,517,353,517,シ
291,550,307,550,307,573,291,573,ト
