26,44,57,44,57,68,26,68,持っ
66,39,394,39,394,78,66,78,江古田健一
396,44,607,44,607,77,396,77,呼ぶ98コ12協22フレ
26,138,57,138,57,161,26,161,コピ
70,133,498,133,498,172,70,172,千葉県新島村津久戸町38丁目23番19号
26,183,57,183,57,207,26,207,雪テ
88,178,399,178,399,215,88,215,舗装08ジ04ダ04リ94747
12,221,390,221,390,268,12,268,メニ33ヒ02追01拡張出演者
26,293,57,293,57,317,26,317,目的
98,288,170,288,170,310,98,310,ハンマー不
98,312,127,312,127,334,98,334,電話
98,342,214,342,214,365,98,365,サワー指名賞賛す
30,377,72,377,72,409,30,409,改善
59,434,363,434,363,468,59,468,動013564839475錯
437,526,500,526,500,581,437,581,狭いニトレーナー
17,451,48,451,48,475,17,475,指名
17,491,32,491,32,514,17,514,あ
24,530,40,530,40,553,24,553,カ
17,564,32,564,32,587,17,587,花
52,486,222,486,222,514,52,514,装置17 ハ29パ 05評
52,522,222,522,222,551,52,551,スキ22 楽59私 27符
52,557,222,557,222,586,52,586,主人06 屋35あ 20コ
398,254,418,254,418,479,398,479,分ト評数野
229,505,245,505,245,527,229,527,ブ
229,552,245,552,245,574,229,574,コ
331,496,347,496,347,518,331,518,じ
269,550,285,550,285,575,269,575,尊
