26,44,57,44,57,67,26,67,鉱山
66,39,268,39,268,78,66,78,中島晃
396,44,596,44,596,76,396,76,ボト68ス6フ26電話
26,138,57,138,57,162,26,162,普通
70,133,498,133,498,172,70,172,長崎県江戸川区富久町15丁目16番12号
26,183,57,183,57,206,26,206,クロ
88,178,399,178,399,214,88,214,コー11ス01目18パ43686
12,221,390,221,390,268,12,268,バス85索05ヒ20見落とす教
26,293,57,293,57,316,26,316,追放
98,288,127,288,127,311,98,311,特徴
98,312,214,312,214,335,98,335,分割感謝する織る
98,342,170,342,170,365,98,365,キャビネッ
30,377,72,377,72,408,30,408,立派
59,434,363,434,363,468,59,468,パ117410197129錯
437,526,500,526,500,582,437,582,式ない今溝ブレー
17,451,32,451,32,473,17,473,コ
17,491,32,491,32,513,17,513,器
24,530,40,530,40,554,24,554,憲
17,564,32,564,32,587,17,587,欠
52,486,222,486,222,514,52,514,屋根45 品69追 44保
52,522,222,522,222,551,52,551,パー93 緩37同 82ニ
52,557,222,557,222,586,52,586,尿ヒ24 サ62敵 37デ
398,254,418,254,418,479,398,479,彼楽評近欠
229,505,245,505,245,528,229,528,特
229,552,245,552,245,576,229,576,ダ
248,496,264,496,264,518,248,518,通
248,550,264,550,264,574,248,574,反
