26,44,57,44,57,68,26,68,ダニ
66,39,331,39,331,78,66,78,佐藤桃子
396,44,585,44,585,77,396,77,屋根88ヒ6ヒ8ベル
26,138,57,138,57,162,26,162,敵対
70,133,536,133,536,172,70,172,鹿児島県印旛郡酒々井町隼町30丁目1番16
26,183,57,183,57,207,26,207,保証
88,178,399,178,399,215,88,215,販売03探07協31シ79909
12,221,390,221,390,267,12,267,脊椎95教10普05埋め込むオ
26,293,57,293,57,317,26,317,倫理
98,288,141,288,141,310,98,310,見落と
98,312,214,312,214,335,98,335,スキームダッシュ
98,342,170,342,170,365,98,365,バーゲン柔
30,377,72,377,72,409,30,409,状況
59,434,363,434,363,468,59,468,明697492589596通
437,526,500,526,500,581,437,581,自体装バケツじぶ
17,451,48,451,48,475,17,475,協力
17,491,32,491,32,512,17,512,ジ
24,530,40,530,40,554,24,554,極
17,564,32,564,32,588,17,588,柔
52,486,222,486,222,514,52,514,再現72 リ96品 44リ
52,522,222,522,222,551,52,551,サワ20 ス41教 07軸
52,557,222,557,222,586,52,586,創傷92 厳67ロ 00癌
398,254,418,254,418,478,398,478,ダヒサ追運
229,505,245,505,245,527,229,527,自
229,552,245,552,245,574,229,574,フ
331,496,347,496,347,518,331,518,じ
353,550,369,550,369,574,353,574,戦
