26,44,57,44,57,67,26,67,トー
66,39,268,39,268,78,66,78,桐山淳
396,44,596,44,596,77,396,77,デッ55学9ホ11通行
26,138,57,138,57,161,26,161,チー
70,133,498,133,498,172,70,172,埼玉県横浜市青葉区港南39丁目23番14
26,183,57,183,57,207,26,207,狭い
88,178,399,178,399,216,88,216,野球17ハ12私01中41612
12,221,390,221,390,268,12,268,リニ42移12狐20立派なデッ
26,293,57,293,57,315,26,315,スペ
98,288,214,288,214,311,98,311,高い出演者埋め込
30,377,72,377,72,409,30,409,運保
59,434,363,434,363,469,59,469,本791091055082特
437,526,500,526,500,582,437,582,必要ニ教会教授今
17,451,32,451,32,475,17,475,本
17,491,48,491,48,514,17,514,副リ
24,530,40,530,40,553,24,553,サ
17,564,48,564,48,588,17,588,仕上
52,486,222,486,222,513,52,513,パイ93 は60イ 06ロ
52,522,222,522,222,551,52,551,ハー61 行62厳 67怒
52,557,222,557,222,586,52,586,ニュ83 ホ08叔 01極
398,254,418,254,418,478,398,478,虐教トノト
229,505,245,505,245,527,229,527,さ
229,552,245,552,245,575,229,575,立
291,496,307,496,307,519,291,519,行
291,550,307,550,307,574,291,574,数
