31,342,53,326,61,337,39,354,運埋
58,319,241,180,253,199,70,338,近藤真綾
288,148,426,43,436,59,298,164,行進64さ9楽19それ
60,387,82,371,89,382,68,399,ボト
89,362,395,130,407,149,101,380,千葉県福生市花島8丁目6番13号 平須賀
74,409,96,392,103,403,81,420,葉持
116,374,331,210,342,228,127,391,舗装03連11器06特70336
76,434,338,236,353,258,91,456,シェ84革11さ20高いあなた
108,461,130,444,137,455,115,472,コピ
156,421,176,406,183,416,163,432,職人
163,432,244,372,251,382,170,443,コーラス自体ジャ
173,447,223,409,230,419,180,457,賞賛する奨
137,498,166,476,175,491,146,513,省略
175,510,385,351,396,368,185,527,尿950402210553保
464,357,508,323,525,350,481,383,コミュ不自然な緩
150,541,161,532,168,543,157,552,カ
162,560,184,543,191,555,169,571,敵対
179,574,191,566,198,577,187,585,立
185,595,207,578,214,589,192,606,テン
185,539,303,450,312,463,194,552,ボト15 ハ84ス 03埋
197,557,314,467,323,481,206,570,あっ77 保73行 37タ
207,573,325,484,334,497,216,587,葉呼71 動49風 49彼
353,247,367,236,436,342,422,353,ピ自見メ画
314,455,324,447,331,457,321,466,立
328,478,339,470,346,481,335,489,ア
324,441,335,432,342,443,331,451,花
356,456,366,447,373,457,362,466,ベ
