29,244,55,233,59,249,33,260,証言
61,227,278,134,285,159,68,252,木村里佳
333,114,505,40,512,61,339,135,パン62ト12カ10出演
46,305,72,294,76,310,50,321,符号
81,287,433,136,440,161,88,311,京都府山武市山中新田31丁目14番15号
54,334,80,323,84,338,58,349,じぶ
103,309,359,200,365,224,110,333,バナ19高05今02敵86304
49,364,359,230,368,262,57,394,バナ72柔03ベ11人形ダイヤ
73,406,100,394,104,411,78,422,衝突
132,377,227,337,231,351,136,392,スペル持っていま
136,392,160,383,164,397,140,407,仕上
141,412,201,386,205,401,146,427,式ログ供給
92,458,126,443,132,465,98,480,文言
126,486,376,379,382,402,132,509,緩528777502826尊
452,413,504,390,514,426,463,449,コピー意図厳しい
94,512,107,506,111,520,98,526,パ
101,537,114,532,118,546,106,552,改
114,561,128,554,131,569,119,574,ヒ
114,585,128,580,132,595,119,600,午
129,522,269,462,274,480,135,540,バナ48 移26ブ 02月
136,546,276,486,281,504,141,564,擁す56 欠12目 05式
142,568,282,508,287,526,147,586,アク15 反23日 78賞
371,249,388,242,429,388,412,394,電スキ舗狐
278,471,291,466,295,481,282,486,ク
287,503,299,497,304,512,291,518,犯
310,452,322,446,327,460,313,466,パ
388,458,401,452,405,467,392,472,ト
