50,43,80,45,79,65,48,62,スマ
88,42,342,68,340,103,87,77,宇野篤司
405,79,596,99,595,128,403,108,ジャ63ブ8錯24ログ
45,127,76,130,75,152,45,148,発生
88,127,474,167,473,202,87,162,新潟県足立区芝大門15丁目13番15号
44,167,74,171,73,190,43,187,コー
103,169,401,200,400,233,102,202,ブレ03コ08不24仕99731
29,200,391,238,389,280,27,243,探査92ブ07電04キャビネッ
39,267,69,270,68,290,38,287,クー
108,269,150,274,149,294,107,290,本質的
107,291,218,302,217,322,106,311,コミュニケーショ
40,342,79,346,78,373,38,369,コー
65,397,356,427,355,458,64,427,ス746399288531自
422,518,483,524,480,573,421,567,部隊見ブランチ運
23,408,53,411,53,432,22,430,障害
22,444,37,445,36,467,21,465,私
27,480,42,482,41,503,26,501,埋
18,510,33,511,33,533,18,531,今
56,442,218,459,217,485,55,468,同行18 試65憲 10月
54,475,217,492,216,518,53,501,仕上16 ブ85バ 55運
53,507,215,524,214,550,52,533,腐っ86 デ28参 37コ
397,268,417,270,407,471,387,469,ク移ヒ血ブ
225,477,240,479,238,500,223,498,じ
222,520,237,522,237,542,222,540,フ
344,482,359,484,358,504,342,503,評
301,527,316,528,316,549,301,547,キ
