33,406,52,386,62,395,43,415,協力
55,379,210,210,226,225,71,393,山岸陽子
251,170,362,50,375,62,264,182,保証50革3ア2花嫁
72,440,91,420,101,429,82,449,探査
96,411,347,138,363,152,112,425,愛媛県東大和市東浅草8丁目15番17号 
91,457,109,437,119,445,101,465,パイ
125,416,308,218,323,231,140,429,狐ヒ08再09革19行56998
98,479,320,239,340,256,118,496,サン14コ04明15ストレージ
136,496,155,477,165,485,146,505,省略
176,449,202,421,212,430,186,458,教会あ
186,458,203,439,212,447,196,466,カレ
199,468,241,423,250,431,208,477,中世見落と
173,524,198,498,212,509,187,536,衝突
214,527,392,334,406,346,228,539,パ127091040149電
474,320,511,280,533,300,496,341,管理す怒り学生脊
196,560,214,540,224,549,206,569,パイ
213,575,221,564,231,573,222,583,擁
233,584,242,574,252,582,243,593,証
243,601,252,591,262,600,252,610,ク
231,550,331,442,343,453,243,561,見出78 憲91日 10シ
246,564,346,455,358,466,258,574,行進42 保39フ 25バ
261,576,361,468,372,479,273,587,目的42 な35証 96ニ
338,246,350,233,442,314,430,327,午協偏販ノ
343,445,352,434,361,443,352,452,フ
362,462,372,452,381,460,372,470,ス
399,376,409,366,418,374,409,384,器
435,382,443,372,453,381,444,391,戦
