201,35,223,51,215,62,193,46,本質
230,53,370,159,358,178,218,72,井高舞
457,229,595,334,585,349,447,244,バス90ス2敵12尊敬
171,80,193,96,186,107,164,91,電話
203,100,518,338,506,357,192,119,岐阜県横浜市神奈川区富久町37丁目18番
158,100,179,117,173,129,151,112,敵対
202,131,417,294,406,311,191,148,見落03リ07ジ24ダ33405
137,111,398,309,383,332,122,134,腐っ87主12じ11プラスチッ
124,153,146,169,138,182,116,165,衝突
175,188,256,249,248,260,168,199,リニア本質的なロ
101,195,130,217,120,232,92,210,立派
104,237,314,397,304,413,93,254,索415056661848器
337,479,380,512,363,539,320,506,日曜日障害画面立
69,223,80,231,72,242,62,234,立
56,242,78,259,71,270,49,253,持っ
50,264,61,273,53,284,43,275,運
34,277,45,285,38,296,27,288,敵
83,258,200,347,192,361,74,272,見出79 狐69パ 51品
71,275,189,365,180,379,62,289,革新52 ノ03ト 98品
61,292,178,381,169,395,52,306,催眠04 電54コ 25デ
394,329,408,340,339,447,324,436,行憲シ発文
199,360,210,368,203,379,193,370,バ
185,383,195,391,188,402,177,394,革
273,410,284,418,277,429,266,421,見
228,414,239,422,232,434,221,426,陶
