27,157,56,151,58,169,30,176,コミ
63,145,246,105,250,136,67,177,佐藤零
364,83,536,45,539,72,367,110,スマ66障6埋9チー
36,233,64,227,67,244,38,251,スペ
75,220,533,119,537,151,79,251,福島県西多摩郡奥多摩町中小来川20丁目12番
40,269,68,263,71,280,42,286,バー
96,252,379,190,382,220,99,282,コー12保05あ23催59355
31,302,375,227,379,264,35,340,装置08指12叔22証言する品
50,357,79,350,81,370,52,376,副コ
115,338,181,324,183,342,117,356,ニュース追
117,358,222,334,224,353,119,376,探査癌反射ボトル
120,382,160,373,161,392,122,400,隠す敵
62,423,99,415,102,438,64,447,ハー
93,463,369,403,372,428,96,489,ク772329211454マ
445,462,502,450,507,493,450,506,指名憲チーズニュ
56,486,70,483,72,499,58,503,コ
59,517,74,514,76,532,62,535,は
70,548,84,545,86,562,72,565,〜
66,576,81,573,82,591,68,594,さ
91,506,246,472,248,495,94,529,目的93 君03教 80動
95,536,249,502,252,524,97,559,革新48 ト56戦 37バ
97,564,252,529,255,553,100,586,それ29 コ28舗 75参
384,251,403,247,424,427,405,432,ニ敵電通式
254,486,268,483,270,500,256,503,ス
258,524,273,521,274,538,260,541,コ
366,454,380,451,382,470,368,473,錯
371,498,385,495,387,514,373,517,近
