165,36,189,50,183,63,159,49,ダニ
196,51,396,169,387,191,187,72,佐藤桃子
445,201,587,285,579,303,436,219,屋根88ヒ6ヒ8ベル
142,88,165,102,160,115,136,102,敵対
176,105,528,313,519,334,167,126,鹿児島県印旛郡酒々井町隼町30丁目1番16
130,113,154,127,149,140,125,126,保証
178,137,414,277,404,297,169,158,販売03探07協31シ79909
111,128,396,296,385,322,99,153,脊椎95教10普05埋め込むオ
104,174,128,188,122,201,98,187,倫理
159,204,192,223,186,235,154,215,見落と
153,217,241,268,236,281,148,229,スキームダッシュ
146,233,201,265,195,278,141,246,バーゲン柔
87,222,118,241,110,259,79,241,状況
95,267,324,403,316,421,86,286,明697492589596通
357,487,404,515,391,545,344,517,自体装バケツじぶ
58,257,82,272,76,285,52,271,協力
48,280,60,286,55,299,43,291,ジ
44,305,56,312,50,325,38,318,極
30,320,42,327,36,340,25,333,柔
76,293,205,368,198,384,69,309,再現72 リ96品 44リ
67,313,196,388,189,405,60,329,サワ20 ス41教 07軸
59,332,187,408,180,424,52,348,創傷92 厳67ロ 00癌
394,317,410,327,355,452,339,442,ダヒサ追運
205,382,217,389,212,401,200,395,自
194,408,206,415,200,427,189,421,フ
285,422,297,430,291,442,279,435,じ
288,463,300,469,294,482,282,476,戦
