61,41,90,46,89,65,60,61,ささ
99,43,347,80,345,113,97,76,三宅智也
408,94,596,122,594,150,407,122,クロ51パ4偏16オー
55,122,84,127,83,147,54,143,保持
97,125,440,176,437,209,95,157,長崎県三鷹市港南2丁目11番19号
52,161,82,165,80,185,51,181,見出
111,165,402,209,400,241,108,197,偏差13ヘ11サ23細65563
37,191,392,245,389,286,34,232,コミ37ト06特04カラムニュ
45,255,75,260,73,281,44,275,再現
113,261,140,265,139,284,112,280,試し
44,328,83,334,82,361,42,356,反射
68,381,352,424,351,453,66,410,障083215785517分
416,514,475,523,472,570,412,562,脊椎部野球ソース
27,389,56,394,55,413,25,409,トー
24,424,39,425,38,444,23,442,ス
29,459,43,460,42,481,27,479,管
20,486,35,489,33,508,18,506,メ
58,424,217,448,215,473,56,448,楽し70 極25倫 47戦
55,455,215,480,213,505,54,480,楽し74 索85改 00教
53,485,213,509,211,534,51,510,リハ54 ト86コ 12動
396,274,416,277,402,471,382,467,野リカ尊敵
222,466,237,468,236,488,221,486,舗
219,507,234,508,233,529,218,527,教
300,470,315,472,314,493,299,491,高
355,526,370,527,369,547,354,545,ク
