28,205,55,196,58,212,31,221,ホイ
62,190,291,115,296,143,67,217,喜嶋陽一
348,100,521,44,525,67,352,124,サワ74極8ヒ16テン
41,272,68,263,71,280,44,289,残る
79,256,470,128,476,156,84,284,徳島県山武市戸塚町2丁目25番13号 中小
47,304,74,296,77,313,51,321,行進
100,283,369,196,374,222,105,310,意図11副04本11器17906
40,335,367,229,373,263,47,370,合計86葉04〜12パイオニア
62,384,89,374,93,391,65,400,擁す
123,360,186,339,189,356,127,376,ブラケット
77,442,113,430,118,454,82,465,奨励
110,475,373,390,377,414,115,499,ヘ820976684150差
449,435,503,418,510,457,456,474,追放す電話ブラケ
75,499,103,490,106,508,79,517,虐待
81,528,94,523,98,540,84,544,ヒ
93,554,107,550,109,566,96,570,ア
91,581,104,576,108,593,94,598,衝
111,515,258,467,261,487,114,535,保証75 ホ89カ 59管
116,541,263,493,266,514,120,562,叔父39 ブ04呼 91保
121,566,268,518,272,539,125,587,画面29 サ03彼 35電
378,250,396,244,426,405,408,411,数ホ欠彼追
266,478,280,473,283,490,269,495,チ
273,512,286,508,289,523,275,528,ヒ
319,454,333,450,335,467,322,471,あ
361,482,375,477,378,494,364,498,ブ
