27,157,56,151,58,169,30,176,トー
63,145,304,93,307,123,67,177,宇野太郎
364,83,555,41,558,68,367,110,戦略67ト12バ23野球
36,233,64,227,67,245,38,251,バケ
75,220,522,122,526,153,79,251,静岡県中央区上吉羽11丁目6番6号 南赤田シ
40,269,68,263,71,280,42,287,リハ
96,252,379,190,382,220,99,282,テン12不06マ28チ10887
31,302,375,227,379,264,35,340,カラ19改05君13クルー大統
50,357,79,350,81,370,52,376,ジャ
115,338,141,333,143,350,117,356,イン
117,358,222,334,224,353,119,376,バナー教授パン索
120,382,186,367,187,385,122,400,職人あった
62,423,99,415,103,441,64,450,知覚
93,463,369,403,372,428,96,489,コ846289650723ベ
445,462,502,450,507,494,450,507,パーセ追放するデ
56,486,70,483,73,501,58,504,建
59,517,88,511,91,530,62,536,あな
70,548,84,545,86,563,72,565,日
66,576,81,573,83,592,68,595,近
91,506,246,472,248,495,94,529,今日57 葉47チ 07チ
95,536,249,502,252,524,97,559,バナ52 陶26厳 23革
97,564,252,529,255,553,100,586,参加96 血22移 11奨
384,251,403,247,423,425,405,429,なじな不コ
254,486,268,483,270,501,256,504,血
258,524,273,521,274,539,260,542,ト
384,450,399,446,401,465,387,468,自
275,519,290,516,292,533,278,536,パ
