280,32,298,53,288,60,271,39,パー
305,57,486,276,468,289,288,70,西之園健一
485,280,601,420,586,431,470,290,ヘア66柔11緩12ジャ
238,63,255,84,246,91,228,70,ノー
265,91,494,369,477,382,247,104,千葉県調布市松が谷13丁目25番12号 
218,78,236,99,225,107,207,86,犯罪
254,118,426,326,410,338,238,129,厳し10特12移12参25964
194,81,402,334,381,350,172,97,索引77連01ヒ02立派な柔ら
169,114,186,135,175,143,158,122,運教
211,161,275,238,264,246,201,168,午前腐ったフェミ
200,168,240,217,230,224,190,176,見出し残る
186,179,211,207,201,215,176,186,建築運
134,145,157,173,143,183,120,155,メニ
124,183,292,387,276,398,109,195,キ549275607983職
291,466,325,509,301,527,266,485,指名管犯罪者ピッ
93,160,110,181,99,189,82,168,装置
75,173,84,184,73,191,64,181,主
61,192,70,202,59,210,50,199,午
42,198,51,209,40,216,32,205,運
97,196,190,309,177,319,84,205,ブレ31 装91ソ 80憲
80,207,174,321,161,331,67,217,尿明44 溝62副 58錯
64,219,158,333,146,342,52,228,君は62 メ89ヒ 11ヒ
392,350,403,364,303,438,291,424,ブ器パ再反
186,320,194,330,184,338,175,328,戦
164,336,173,347,163,354,154,343,メ
224,359,233,369,223,377,214,366,ピ
245,432,254,443,244,450,235,440,屋
