32,373,52,355,61,365,40,383,供給
57,348,186,231,200,247,70,364,杉山充
271,159,400,43,411,57,283,173,舗装78虐8電23イン
66,412,86,395,94,404,73,422,ノー
92,385,417,94,431,110,106,401,滋賀県国分寺市虎ノ門虎ノ門ヒルズ森タワー
81,431,102,414,110,424,90,441,細か
120,394,320,214,333,229,132,409,花嫁16出06画29ヘ36133
86,455,330,237,346,256,103,475,〜シ94追09デ02錯覚敵普通
121,478,141,460,150,470,129,488,索引
165,435,193,409,201,419,173,444,は中世
153,511,180,487,191,500,165,524,憲法
192,518,388,343,400,357,205,532,細447694320080あ
468,339,509,303,529,326,488,363,血まみ転倒プラス
171,550,191,532,200,542,179,560,怒り
185,567,195,558,203,567,193,576,ス
204,579,214,570,222,580,212,589,ク
211,598,231,580,240,590,220,608,連続
206,545,315,446,326,458,216,557,行進81 血53指 67差
219,560,329,461,339,474,229,572,屋根45 省55賞 36持
231,575,341,476,351,489,242,587,血ま09 人94虐 54電
346,247,360,234,439,329,426,341,探デ今パダ
327,450,337,441,346,451,335,460,意
343,470,354,461,362,471,352,480,リ
349,423,360,414,368,424,358,433,数
369,446,379,437,388,447,377,456,ボ
